The <code><pre> ... </pre></code> Tags wrapping the tables sections below are there for if you want to copy and paste to disqus comments.
The Tags will format a lined up table

Please note you will see some colour highlighting because disqus thinks it is computer code.
See https://help.disqus.com/en/articles/1717236-syntax-highlighting for a better explanation

The way the scores are calculated is described at https://github.com/kaptainkarl/f1-predictor/blob/master/docs/algorithms_description.txt




----------------------
Totals Tables run for bahrain-qual, jeddah-qual

The P column currently doesn't work out shared places
So until it is fixed it is not being displayed below


<pre><code>
-----------------
Scoring is 'diff and positions-times-power-one-hundred'

Total Score table
-----------------
P   Player                Total   |Played
---------------------------------------------
    TLB         383,740,362,538   |    2 
    F1Ung       383,740,322,836   |    2 
    Leo         373,733,383,237   |    2 
    GGP1        363,940,373,635   |    2 
    Iceman      363,940,323,624   |    2 
    Karl        363,938,333,827   |    2 
    BWare       363,930,363,332   |    2 
    Hobbes      363,839,373,528   |    2 
    Bill        363,734,372,535   |    2 
    Winston     191,920,141,917   |    1 
    Joe         191,919,171,616   |    1 
    Pylade      172,020,170,920   |    1 
    NL          172,018,190,920   |    1 
    Ray         161,912,181,713   |    1 
---------------------------------------------
</pre></code>

<pre><code>
--------------------------------
Scoring is 'diff and positions-times-power-one-hundred'

Total Score table. Reverse Order
--------------------------------
P   Player                Total   |Played
---------------------------------------------
    Ray         161,912,181,713   |    1 
    NL          172,018,190,920   |    1 
    Pylade      172,020,170,920   |    1 
    Joe         191,919,171,616   |    1 
    Winston     191,920,141,917   |    1 
    Bill        363,734,372,535   |    2 
    Hobbes      363,839,373,528   |    2 
    BWare       363,930,363,332   |    2 
    Karl        363,938,333,827   |    2 
    Iceman      363,940,323,624   |    2 
    GGP1        363,940,373,635   |    2 
    Leo         373,733,383,237   |    2 
    F1Ung       383,740,322,836   |    2 
    TLB         383,740,362,538   |    2 
---------------------------------------------
</pre></code>

<pre><code>
---------------------
Scoring is 'diff and positions-times-power-one-hundred'

Total FIA Score table
---------------------
P   Player       FIA   |Played
----------------------------------
    TLB           33   |    2 
    GGP1          33   |    2 
    F1Ung         27   |    2 
    Joe           25   |    1 
    Iceman        20   |    2 
    Hobbes        18   |    2 
    Leo           16   |    2 
    Karl           8   |    2 
    BWare          8   |    2 
    Winston        7   |    1 
    Pylade         4   |    1 
    Bill           3   |    2 
    Ray            0   |    1 
    NL             0   |    1 
----------------------------------
</pre></code>

<pre><code>
-------------------------------------------
Scoring is 'diff and positions-times-power-one-hundred'

Average score
For players who have not entered all rounds
-------------------------------------------
P   Player            Ave Score   |Played
---------------------------------------------
    Winston     191,920,141,917   |    1 
    Joe         191,919,171,616   |    1 
    TLB         191,870,181,269   |    2 
    F1Ung       191,870,161,418   |    2 
    Leo         186,866,691,618.50|    2 
    GGP1        181,970,186,817.50|    2 
    Iceman      181,970,161,812   |    2 
    Karl        181,969,166,913.50|    2 
    BWare       181,965,181,666   |    2 
    Hobbes      181,919,686,764   |    2 
    Bill        181,867,186,267.50|    2 
    Pylade      172,020,170,920   |    1 
    NL          172,018,190,920   |    1 
    Ray         161,912,181,713   |    1 
---------------------------------------------
</pre></code>

<pre><code>
------------------------
Scoring is 'diff and positions-times-power-one-hundred'

P1->P6 then Total Score 
------------------------
P   Player                Total   |Played| P1 | P2 | P3 | P4 | P5 | P6 
---------------------------------------------------------------------------
    GGP1        363,940,373,635   |    2 |  1 |    |    |    |    |  1 
    Joe         191,919,171,616   |    1 |  1 |    |    |    |    |    
    TLB         383,740,362,538   |    2 |    |  1 |  1 |    |    |    
    Hobbes      363,839,373,528   |    2 |    |  1 |    |    |    |    
    F1Ung       383,740,322,836   |    2 |    |    |  1 |  1 |    |    
    Leo         373,733,383,237   |    2 |    |    |    |  1 |    |    
    Iceman      363,940,323,624   |    2 |    |    |    |    |  2 |    
    Karl        363,938,333,827   |    2 |    |    |    |    |    |  1 
    Winston     191,920,141,917   |    1 |    |    |    |    |    |  1 
    BWare       363,930,363,332   |    2 |    |    |    |    |    |    
    Bill        363,734,372,535   |    2 |    |    |    |    |    |    
    Pylade      172,020,170,920   |    1 |    |    |    |    |    |    
    NL          172,018,190,920   |    1 |    |    |    |    |    |    
    Ray         161,912,181,713   |    1 |    |    |    |    |    |    
---------------------------------------------------------------------------
</pre></code>
