The <code><pre> ... </pre></code> Tags wrapping the tables sections below are there for if you want to copy and paste to disqus comments.
The Tags will format a lined up table

Please note you will see some colour highlighting because disqus thinks it is computer code.
See https://help.disqus.com/en/articles/1717236-syntax-highlighting for a better explanation

 The way the scores are calculated is described at https://github.com/kaptainkarl/f1-predictor/blob/master/docs/algorithms_description.txt




----------------------
Totals Tables run for bahrain-qual, bahrain-race, jeddah-qual, jeddah-race

The P column currently doesn't work out shared places
So until it is fixed it is not being displayed below


<pre><code>
-----------------
Scoring is 'diff and positions-times-power-one-hundred'

Total Score table
-----------------
P   Player                Total   |Played
---------------------------------------------
    tlb         597,579,755,968   |    4 
    leo         596,071,747,064   |    4 
    karl        587,876,587,760   |    4 
    hobbes      587,866,766,655   |    4 
    ggp1        587,864,685,172   |    4 
    iceman      587,778,657,549   |    4 
    bware       587,754,766,566   |    4 
    bill        586,156,735,970   |    4 
    f1ung       585,759,513,852   |    3 
    pylade      554,241,544,854   |    3 
    nl          373,931,381,935   |    2 
    ray         362,231,243,630   |    2 
    joe         212,733,172,134   |    2 
    winston     191,920,141,917   |    1 
---------------------------------------------
</pre></code>

<pre><code>
--------------------------------
Scoring is 'diff and positions-times-power-one-hundred'

Total Score table. Reverse Order
--------------------------------
P   Player                Total   |Played
---------------------------------------------
    winston     191,920,141,917   |    1 
    joe         212,733,172,134   |    2 
    ray         362,231,243,630   |    2 
    nl          373,931,381,935   |    2 
    pylade      554,241,544,854   |    3 
    f1ung       585,759,513,852   |    3 
    bill        586,156,735,970   |    4 
    bware       587,754,766,566   |    4 
    iceman      587,778,657,549   |    4 
    ggp1        587,864,685,172   |    4 
    hobbes      587,866,766,655   |    4 
    karl        587,876,587,760   |    4 
    leo         596,071,747,064   |    4 
    tlb         597,579,755,968   |    4 
---------------------------------------------
</pre></code>

<pre><code>
---------------------
Scoring is 'diff and positions-times-power-one-hundred'

Total FIA Score table
---------------------
P   Player       FIA   |Played
----------------------------------
    hobbes        49.50|    4 
    ggp1          49   |    4 
    tlb           44   |    4 
    karl          39   |    4 
    f1ung         39   |    3 
    iceman        34   |    4 
    joe           27   |    2 
    ray           25   |    2 
    leo           25   |    4 
    pylade        22   |    3 
    bware         22   |    4 
    bill          19.50|    4 
    winston        7   |    1 
    nl             2   |    2 
----------------------------------
</pre></code>

<pre><code>
-------------------------------------------
Scoring is 'diff and positions-times-power-one-hundred'

Average score
For players who have not entered all rounds
-------------------------------------------
P   Player            Ave Score   |Played
---------------------------------------------
    f1ung       195,253,171,284   |    3 
    winston     191,920,141,917   |    1 
    nl          186,965,690,967.50|    2 
    pylade      184,747,181,618   |    3 
    ray         181,115,621,815   |    2 
    tlb         149,394,938,992   |    4 
    leo         149,017,936,766   |    4 
    karl        146,969,146,940   |    4 
    hobbes      146,966,691,663.75|    4 
    ggp1        146,966,171,293   |    4 
    iceman      146,944,664,387.25|    4 
    bware       146,938,691,641.50|    4 
    bill        146,539,183,992.50|    4 
    joe         106,366,586,067   |    2 
---------------------------------------------
</pre></code>

<pre><code>
------------------------
Scoring is 'diff and positions-times-power-one-hundred'

P1->P6 then Total Score 
------------------------
P   Player                Total   |Played| P1 | P2 | P3 | P4 | P5 | P6 
---------------------------------------------------------------------------
    ggp1        587,864,685,172   |    4 |  1 |    |    |  1 |    |  1 
    karl        587,876,587,760   |    4 |  1 |    |    |    |    |  1 
    ray         362,231,243,630   |    2 |  1 |    |    |    |    |    
    joe         212,733,172,134   |    2 |  1 |    |    |    |    |    
    hobbes      587,866,766,655   |    4 |    |  2 |  1 |    |    |    
    tlb         597,579,755,968   |    4 |    |  1 |  1 |    |  1 |    
    bill        586,156,735,970   |    4 |    |  1 |    |    |    |    
    pylade      554,241,544,854   |    3 |    |  1 |    |    |    |    
    f1ung       585,759,513,852   |    3 |    |    |  1 |  2 |    |    
    leo         596,071,747,064   |    4 |    |    |    |  1 |    |  1 
    iceman      587,778,657,549   |    4 |    |    |    |    |  2 |  1 
    bware       587,754,766,566   |    4 |    |    |    |    |  1 |    
    winston     191,920,141,917   |    1 |    |    |    |    |    |  1 
    nl          373,931,381,935   |    2 |    |    |    |    |    |    
---------------------------------------------------------------------------
</pre></code>
