The <code><pre> ... </pre></code> Tags wrapping the tables sections below are there for if you want to copy and paste to disqus comments.
The Tags will format a lined up table

Please note you will see some colour highlighting because disqus thinks it is computer code.
See https://help.disqus.com/en/articles/1717236-syntax-highlighting for a better explanation

The way the scores are calculated is described at https://github.com/kaptainkarl/f1-predictor/blob/master/docs/algorithms_description.txt




----------------------
Totals Tables run for bahrain-qual, bahrain-race, jeddah-qual, jeddah-race

The P column currently doesn't work out shared places
So until it is fixed it is not being displayed below


<pre><code>
-----------------
Scoring is 'karl-32 and positions-times-power-one-hundred'

Total Score table
-----------------
P   Player                Total   |Played
---------------------------------------------
    F1Ung       645,680,211,618   |    3 
    Leo         564,048,603,628   |    4 
    GGP1        529,680,402,036   |    4 
    Karl        529,672,328,010   |    4 
    Hobbes      529,664,842,124   |    4 
    Iceman      528,096,216,804   |    4 
    BWare       528,048,841,121   |    4 
    Bill        526,848,561,930   |    4 
    TLB         485,712,681,956   |    4 
    Pylade      364,840,404,840   |    3 
    NL          364,808,320,033   |    2 
    Ray         341,616,082,004   |    2 
    Winston     161,632,001,604   |    1 
    Joe         161,616,040,210   |    2 
---------------------------------------------
</pre></code>

<pre><code>
--------------------------------
Scoring is 'karl-32 and positions-times-power-one-hundred'

Total Score table. Reverse Order
--------------------------------
P   Player                Total   |Played
---------------------------------------------
    Joe         161,616,040,210   |    2 
    Winston     161,632,001,604   |    1 
    Ray         341,616,082,004   |    2 
    NL          364,808,320,033   |    2 
    Pylade      364,840,404,840   |    3 
    TLB         485,712,681,956   |    4 
    Bill        526,848,561,930   |    4 
    BWare       528,048,841,121   |    4 
    Iceman      528,096,216,804   |    4 
    Hobbes      529,664,842,124   |    4 
    Karl        529,672,328,010   |    4 
    GGP1        529,680,402,036   |    4 
    Leo         564,048,603,628   |    4 
    F1Ung       645,680,211,618   |    3 
---------------------------------------------
</pre></code>

<pre><code>
---------------------
Scoring is 'karl-32 and positions-times-power-one-hundred'

Total FIA Score table
---------------------
P   Player       FIA   |Played
----------------------------------
    Hobbes        49.50|    4 
    GGP1          49   |    4 
    TLB           43   |    4 
    Karl          39   |    4 
    F1Ung         39   |    3 
    Iceman        35   |    4 
    Leo           26   |    4 
    Ray           25   |    2 
    Joe           25   |    2 
    Pylade        22   |    3 
    BWare         22   |    4 
    Bill          20.50|    4 
    Winston        7   |    1 
    NL             2   |    2 
----------------------------------
</pre></code>

<pre><code>
-------------------------------------------
Scoring is 'karl-32 and positions-times-power-one-hundred'

Average score
For players who have not entered all rounds
-------------------------------------------
P   Player            Ave Score   |Played
---------------------------------------------
    F1Ung       215,226,737,206   |    3 
    NL          182,404,160,016.50|    2 
    Ray         170,808,041,002   |    2 
    Winston     161,632,001,604   |    1 
    Leo         141,012,150,907   |    4 
    GGP1        132,420,100,509   |    4 
    Karl        132,418,082,002.50|    4 
    Hobbes      132,416,210,531   |    4 
    Iceman      132,024,054,201   |    4 
    BWare       132,012,210,280.25|    4 
    Bill        131,712,140,482.50|    4 
    Pylade      121,613,468,280   |    3 
    TLB         121,428,170,489   |    4 
    Joe          80,808,020,105   |    2 
---------------------------------------------
</pre></code>

<pre><code>
------------------------
Scoring is 'karl-32 and positions-times-power-one-hundred'

P1->P6 then Total Score 
------------------------
P   Player                Total   |Played| P1 | P2 | P3 | P4 | P5 | P6 
---------------------------------------------------------------------------
    GGP1        529,680,402,036   |    4 |  1 |    |    |  1 |    |  1 
    Karl        529,672,328,010   |    4 |  1 |    |    |    |    |  1 
    Ray         341,616,082,004   |    2 |  1 |    |    |    |    |    
    Joe         161,616,040,210   |    2 |  1 |    |    |    |    |    
    Hobbes      529,664,842,124   |    4 |    |  2 |  1 |    |    |    
    TLB         485,712,681,956   |    4 |    |  1 |  1 |    |  1 |    
    Bill        526,848,561,930   |    4 |    |  1 |    |    |    |    
    Pylade      364,840,404,840   |    3 |    |  1 |    |    |    |    
    F1Ung       645,680,211,618   |    3 |    |    |  1 |  2 |    |    
    Leo         564,048,603,628   |    4 |    |    |    |  1 |    |  1 
    Iceman      528,096,216,804   |    4 |    |    |    |    |  3 |    
    BWare       528,048,841,121   |    4 |    |    |    |    |  1 |    
    Winston     161,632,001,604   |    1 |    |    |    |    |    |  1 
    NL          364,808,320,033   |    2 |    |    |    |    |    |    
---------------------------------------------------------------------------
</pre></code>
