The <code><pre> ... </pre></code> Tags wrapping the tables sections below are there for if you want to copy and paste to disqus comments.
The Tags will format a lined up table

Please note you will see some colour highlighting because disqus thinks it is computer code.
See https://help.disqus.com/en/articles/1717236-syntax-highlighting for a better explanation




----------------------
Totals Tables run for bahrain-qual, bahrain-race, jeddah-qual, jeddah-race

The P column currently doesn't work out shared places
So until it is fixed it is not being displayed below


<pre><code>
-----------------
Scoring is 'karl-96-16 and positions-times-power-one-hundred'

Total Score table
-----------------
P   Player                Total   |Played
---------------------------------------------
    f1ung     1,292,208,211,618   |    3 
    leo       1,204,049,243,628   |    4 
    ggp1      1,182,609,042,036   |    4 
    karl      1,182,536,334,410   |    4 
    hobbes    1,182,530,122,124   |    4 
    bill      1,179,713,201,930   |    4 
    iceman    1,174,624,223,204   |    4 
    bware     1,174,514,121,121   |    4 
    nl        1,011,208,320,097   |    2 
    ray         981,616,082,004   |    2 
    tlb         485,905,322,020   |    4 
    pylade      371,305,051,304   |    3 
    winston     161,696,001,604   |    1 
    joe         161,616,040,210   |    2 
---------------------------------------------
</pre></code>

<pre><code>
--------------------------------
Scoring is 'karl-96-16 and positions-times-power-one-hundred'

Total Score table. Reverse Order
--------------------------------
P   Player                Total   |Played
---------------------------------------------
    joe         161,616,040,210   |    2 
    winston     161,696,001,604   |    1 
    pylade      371,305,051,304   |    3 
    tlb         485,905,322,020   |    4 
    ray         981,616,082,004   |    2 
    nl        1,011,208,320,097   |    2 
    bware     1,174,514,121,121   |    4 
    iceman    1,174,624,223,204   |    4 
    bill      1,179,713,201,930   |    4 
    hobbes    1,182,530,122,124   |    4 
    karl      1,182,536,334,410   |    4 
    ggp1      1,182,609,042,036   |    4 
    leo       1,204,049,243,628   |    4 
    f1ung     1,292,208,211,618   |    3 
---------------------------------------------
</pre></code>

<pre><code>
---------------------
Scoring is 'karl-96-16 and positions-times-power-one-hundred'

Total FIA Score table
---------------------
P   Player       FIA   |Played
----------------------------------
    hobbes        49.50|    4 
    ggp1          49   |    4 
    tlb           43   |    4 
    karl          39   |    4 
    f1ung         39   |    3 
    iceman        35   |    4 
    leo           26   |    4 
    ray           25   |    2 
    joe           25   |    2 
    pylade        22   |    3 
    bware         22   |    4 
    bill          20.50|    4 
    winston        7   |    1 
    nl             2   |    2 
----------------------------------
</pre></code>

<pre><code>
-------------------------------------------
Scoring is 'karl-96-16 and positions-times-power-one-hundred'

Average score
For players who have not entered all rounds
-------------------------------------------
P   Player            Ave Score   |Played
---------------------------------------------
    nl          505,604,160,048.50|    2 
    ray         490,808,041,002   |    2 
    f1ung       430,736,070,539.33|    3 
    leo         301,012,310,907   |    4 
    ggp1        295,652,260,509   |    4 
    karl        295,634,083,602.50|    4 
    hobbes      295,632,530,531   |    4 
    bill        294,928,300,482.50|    4 
    iceman      293,656,055,801   |    4 
    bware       293,628,530,280.25|    4 
    winston     161,696,001,604   |    1 
    pylade      123,768,350,434.67|    3 
    tlb         121,476,330,505   |    4 
    joe          80,808,020,105   |    2 
---------------------------------------------
</pre></code>

<pre><code>
------------------------
Scoring is 'karl-96-16 and positions-times-power-one-hundred'

P1->P6 then Total Score 
------------------------
P   Player                Total   |Played| P1 | P2 | P3 | P4 | P5 | P6 
---------------------------------------------------------------------------
    ggp1      1,182,609,042,036   |    4 |  1 |    |    |  1 |    |  1 
    karl      1,182,536,334,410   |    4 |  1 |    |    |    |    |  1 
    ray         981,616,082,004   |    2 |  1 |    |    |    |    |    
    joe         161,616,040,210   |    2 |  1 |    |    |    |    |    
    hobbes    1,182,530,122,124   |    4 |    |  2 |  1 |    |    |    
    tlb         485,905,322,020   |    4 |    |  1 |  1 |    |  1 |    
    bill      1,179,713,201,930   |    4 |    |  1 |    |    |    |    
    pylade      371,305,051,304   |    3 |    |  1 |    |    |    |    
    f1ung     1,292,208,211,618   |    3 |    |    |  1 |  2 |    |    
    leo       1,204,049,243,628   |    4 |    |    |    |  1 |    |  1 
    iceman    1,174,624,223,204   |    4 |    |    |    |    |  3 |    
    bware     1,174,514,121,121   |    4 |    |    |    |    |  1 |    
    winston     161,696,001,604   |    1 |    |    |    |    |    |  1 
    nl        1,011,208,320,097   |    2 |    |    |    |    |    |    
---------------------------------------------------------------------------
</pre></code>
