The <code><pre> ... </pre></code> Tags wrapping the tables sections below are there for if you want to copy and paste to disqus comments.
The Tags will format a lined up table

Please note you will see some colour highlighting because disqus thinks it is computer code.
See https://help.disqus.com/en/articles/1717236-syntax-highlighting for a better explanation

The way the scores are calculated is described at https://github.com/kaptainkarl/f1-predictor/blob/master/docs/algorithms_description.txt




----------------------
Totals Tables run for australia-qual, jeddah-qual, bahrain-qual

The P column currently doesn't work out shared places
So until it is fixed it is not being displayed below


<pre><code>
-----------------
Scoring is 'karl-96-16 and positions-times-power-one-hundred'

Total Score table
-----------------
P   Player                Total   |Played
---------------------------------------------
    GGP1      1,171,409,162,012   |    3 
    BWare     1,171,312,360,604   |    3 
    NL        1,019,208,329,792   |    2 
    F1Ung       484,200,061,616   |    3 
    TLB         484,192,370,000   |    3 
    Leo         402,425,200,620   |    3 
    Bill        371,697,169,908   |    3 
    Hobbes      365,009,011,904   |    3 
    Joe         323,312,051,803   |    2 
    Karl        300,912,174,806   |    3 
    Iceman      213,008,212,100   |    3 
    Winston     161,696,001,604   |    1 
    Pylade       49,696,040,096   |    1 
    Ray          21,600,080,400   |    1 
---------------------------------------------
</pre></code>

<pre><code>
--------------------------------
Scoring is 'karl-96-16 and positions-times-power-one-hundred'

Total Score table. Reverse Order
--------------------------------
P   Player                Total   |Played
---------------------------------------------
    Ray          21,600,080,400   |    1 
    Pylade       49,696,040,096   |    1 
    Winston     161,696,001,604   |    1 
    Iceman      213,008,212,100   |    3 
    Karl        300,912,174,806   |    3 
    Joe         323,312,051,803   |    2 
    Hobbes      365,009,011,904   |    3 
    Bill        371,697,169,908   |    3 
    Leo         402,425,200,620   |    3 
    TLB         484,192,370,000   |    3 
    F1Ung       484,200,061,616   |    3 
    NL        1,019,208,329,792   |    2 
    BWare     1,171,312,360,604   |    3 
    GGP1      1,171,409,162,012   |    3 
---------------------------------------------
</pre></code>

<pre><code>
---------------------
Scoring is 'karl-96-16 and positions-times-power-one-hundred'

Total FIA Score table
---------------------
P   Player       FIA   |Played
----------------------------------
    GGP1          49.50|    3 
    TLB           38   |    3 
    Joe           37   |    2 
    F1Ung         35   |    3 
    Hobbes        28   |    3 
    NL            25   |    2 
    BWare         24.50|    3 
    Iceman        20   |    3 
    Leo           18   |    3 
    Karl           9   |    3 
    Bill           8   |    3 
    Winston        7   |    1 
    Pylade         4   |    1 
    Ray            0   |    1 
----------------------------------
</pre></code>

<pre><code>
-------------------------------------------
Scoring is 'karl-96-16 and positions-times-power-one-hundred'

Average score
For players who have not entered all rounds
-------------------------------------------
P   Player            Ave Score   |Played
---------------------------------------------
    NL          509,604,164,896   |    2 
    GGP1        390,469,720,670.67|    3 
    BWare       390,437,453,534.67|    3 
    Winston     161,696,001,604   |    1 
    Joe         161,656,025,901.50|    2 
    F1Ung       161,400,020,538.67|    3 
    TLB         161,397,456,666.67|    3 
    Leo         134,141,733,540   |    3 
    Bill        123,899,056,636   |    3 
    Hobbes      121,669,670,634.67|    3 
    Karl        100,304,058,268.67|    3 
    Iceman       71,002,737,366.67|    3 
    Pylade       49,696,040,096   |    1 
    Ray          21,600,080,400   |    1 
---------------------------------------------
</pre></code>

<pre><code>
------------------------
Scoring is 'karl-96-16 and positions-times-power-one-hundred'

P1->P6 then Total Score 
------------------------
P   Player                Total   |Played| P1 | P2 | P3 | P4 | P5 | P6 
---------------------------------------------------------------------------
    GGP1      1,171,409,162,012   |    3 |  1 |  1 |    |    |    |  1 
    Joe         323,312,051,803   |    2 |  1 |    |    |  1 |    |    
    NL        1,019,208,329,792   |    2 |  1 |    |    |    |    |    
    TLB         484,192,370,000   |    3 |    |  1 |  1 |    |    |    
    Hobbes      365,009,011,904   |    3 |    |  1 |    |    |  1 |    
    BWare     1,171,312,360,604   |    3 |    |  1 |    |    |    |    
    F1Ung       484,200,061,616   |    3 |    |    |  1 |  1 |    |  1 
    Leo         402,425,200,620   |    3 |    |    |    |  1 |    |    
    Iceman      213,008,212,100   |    3 |    |    |    |    |  2 |    
    Karl        300,912,174,806   |    3 |    |    |    |    |    |  1 
    Winston     161,696,001,604   |    1 |    |    |    |    |    |  1 
    Bill        371,697,169,908   |    3 |    |    |    |    |    |    
    Pylade       49,696,040,096   |    1 |    |    |    |    |    |    
    Ray          21,600,080,400   |    1 |    |    |    |    |    |    
---------------------------------------------------------------------------
</pre></code>
