The <code><pre> ... </pre></code> Tags wrapping the tables sections below are there for if you want to copy and paste to disqus comments.
The Tags will format a lined up table

Please note you will see some colour highlighting because disqus thinks it is computer code.
See https://help.disqus.com/en/articles/1717236-syntax-highlighting for a better explanation

The way the scores are calculated is described at https://github.com/kaptainkarl/f1-predictor/blob/master/docs/algorithms_description.txt




----------------------
Totals Tables run for australia-race, australia-qual, jeddah-race, jeddah-qual, bahrain-race, bahrain-qual

The P column currently doesn't work out shared places
So until it is fixed it is not being displayed below


<pre><code>
-----------------
Method is 'karl-96-16 and positions-times-power-one-hundred'

Total Score table
-----------------
P   Player                Total   |Played
---------------------------------------------
    GGP1      3,102,625,282,040   |    6 
    BWare     3,094,546,281,925   |    6 
    NL        2,940,808,571,397   |    4 
    F1Ung     1,455,432,221,622   |    5 
    Leo       1,365,657,484,624   |    6 
    Hobbes    1,344,242,292,420   |    6 
    Bill      1,341,321,452,434   |    6 
    Karl      1,281,752,346,820   |    6 
    Iceman    1,177,840,463,308   |    6 
    Ray         981,616,082,004   |    2 
    TLB         649,105,573,320   |    6 
    Pylade      371,305,051,304   |    3 
    Joe         332,920,052,211   |    4 
    Winston     161,696,001,604   |    1 
---------------------------------------------
</pre></code>

<pre><code>
--------------------------------
Method is 'karl-96-16 and positions-times-power-one-hundred'

Total Score table. Reverse Order
--------------------------------
P   Player                Total   |Played
---------------------------------------------
    Winston     161,696,001,604   |    1 
    Joe         332,920,052,211   |    4 
    Pylade      371,305,051,304   |    3 
    TLB         649,105,573,320   |    6 
    Ray         981,616,082,004   |    2 
    Iceman    1,177,840,463,308   |    6 
    Karl      1,281,752,346,820   |    6 
    Bill      1,341,321,452,434   |    6 
    Hobbes    1,344,242,292,420   |    6 
    Leo       1,365,657,484,624   |    6 
    F1Ung     1,455,432,221,622   |    5 
    NL        2,940,808,571,397   |    4 
    BWare     3,094,546,281,925   |    6 
    GGP1      3,102,625,282,040   |    6 
---------------------------------------------
</pre></code>

<pre><code>
-------------------------------------------
Method is 'karl-96-16 and positions-times-power-one-hundred'

Average score
For players who have not entered all rounds
-------------------------------------------
P   Player            Ave Score   |Played
---------------------------------------------
    NL          735,202,142,849.25|    4 
    GGP1        517,104,213,673.33|    6 
    BWare       515,757,713,654.17|    6 
    Ray         490,808,041,002   |    2 
    F1Ung       291,086,444,324.40|    5 
    Leo         227,609,580,770.67|    6 
    Hobbes      224,040,382,070   |    6 
    Bill        223,553,575,405.67|    6 
    Karl        213,625,391,136.67|    6 
    Iceman      196,306,743,884.67|    6 
    Winston     161,696,001,604   |    1 
    Pylade      123,768,350,434.67|    3 
    TLB         108,184,262,220   |    6 
    Joe          83,230,013,052.75|    4 
---------------------------------------------
</pre></code>

<pre><code>
---------------------
Method is 'karl-96-16 and positions-times-power-one-hundred'

Total FIA Score table
---------------------
P   Player       FIA   |Played
----------------------------------
    GGP1          80.50|    6 
    BWare         63.50|    6 
    Hobbes        60.50|    6 
    F1Ung         55   |    5 
    TLB           54   |    6 
    Karl          52   |    6 
    Joe           47   |    4 
    NL            45   |    4 
    Iceman        37   |    6 
    Leo           32   |    6 
    Bill          25.50|    6 
    Ray           25   |    2 
    Pylade        22   |    3 
    Winston        7   |    1 
----------------------------------
</pre></code>

<pre><code>
---------------------
Method is 'karl-96-16 and positions-times-power-one-hundred'

Average FIA Score table
For players who have not entered all rounds
---------------------
P   Player       FIA   |Played
----------------------------------
    GGP1          13.42|    6 
    Ray           12.50|    2 
    Joe           11.75|    4 
    NL            11.25|    4 
    F1Ung         11   |    5 
    BWare         10.58|    6 
    Hobbes        10.08|    6 
    TLB            9   |    6 
    Karl           8.67|    6 
    Pylade         7.33|    3 
    Winston        7   |    1 
    Iceman         6.17|    6 
    Leo            5.33|    6 
    Bill           4.25|    6 
----------------------------------
</pre></code>

<pre><code>
------------------------
Method is 'karl-96-16 and positions-times-power-one-hundred'

P1 -> P6 then Total Score 
------------------------
P   Player                Total   |Played| P1 | P2 | P3 | P4 | P5 | P6 
---------------------------------------------------------------------------
    GGP1      3,102,625,282,040   |    6 |  1 |  1 |  1 |  1 |    |  1 
    BWare     3,094,546,281,925   |    6 |  1 |  1 |    |    |  1 |    
    NL        2,940,808,571,397   |    4 |  1 |  1 |    |    |    |    
    Joe         332,920,052,211   |    4 |  1 |    |    |  1 |  1 |    
    Karl      1,281,752,346,820   |    6 |  1 |    |    |  1 |    |  1 
    Ray         981,616,082,004   |    2 |  1 |    |    |    |    |    
    Hobbes    1,344,242,292,420   |    6 |    |  2 |  1 |    |  1 |    
    TLB         649,105,573,320   |    6 |    |  1 |  1 |    |  1 |    
    Bill      1,341,321,452,434   |    6 |    |  1 |    |    |    |    
    Pylade      371,305,051,304   |    3 |    |  1 |    |    |    |    
    F1Ung     1,455,432,221,622   |    5 |    |    |  1 |  2 |    |  2 
    Leo       1,365,657,484,624   |    6 |    |    |    |  1 |    |  1 
    Iceman    1,177,840,463,308   |    6 |    |    |    |    |  3 |    
    Winston     161,696,001,604   |    1 |    |    |    |    |    |  1 
---------------------------------------------------------------------------
</pre></code>
