The <code><pre> ... </pre></code> Tags wrapping the tables sections below are there for if you want to copy and paste to disqus comments.
The Tags will format a lined up table

Please note you will see some colour highlighting because disqus thinks it is computer code.
See https://help.disqus.com/en/articles/1717236-syntax-highlighting for a better explanation

The way the scores are calculated is described at https://github.com/kaptainkarl/f1-predictor/blob/master/docs/algorithms_description.txt




----------------------
Totals Tables run for bahrain-qual, jeddah-qual

The P column currently doesn't work out shared places
So until it is fixed it is not being displayed below


<pre><code>
-----------------
Scoring is 'karl-96-16 and positions-times-power-one-hundred'

Total Score table
-----------------
P   Player                Total   |Played
---------------------------------------------
    TLB         322,592,200,304   |    2 
    F1Ung       322,592,051,616   |    2 
    Leo         242,417,040,424   |    2 
    GGP1        211,393,002,012   |    2 
    Iceman      211,392,052,000   |    2 
    Karl        211,304,163,204   |    2 
    BWare       211,296,200,604   |    2 
    Bill        210,097,000,212   |    2 
    Hobbes      203,313,001,808   |    2 
    Winston     161,696,001,604   |    1 
    Joe         161,616,040,202   |    1 
    Pylade       49,696,040,096   |    1 
    NL           49,608,160,096   |    1 
    Ray          21,600,080,400   |    1 
---------------------------------------------
</pre></code>

<pre><code>
--------------------------------
Scoring is 'karl-96-16 and positions-times-power-one-hundred'

Total Score table. Reverse Order
--------------------------------
P   Player                Total   |Played
---------------------------------------------
    Ray          21,600,080,400   |    1 
    NL           49,608,160,096   |    1 
    Pylade       49,696,040,096   |    1 
    Joe         161,616,040,202   |    1 
    Winston     161,696,001,604   |    1 
    Hobbes      203,313,001,808   |    2 
    Bill        210,097,000,212   |    2 
    BWare       211,296,200,604   |    2 
    Karl        211,304,163,204   |    2 
    Iceman      211,392,052,000   |    2 
    GGP1        211,393,002,012   |    2 
    Leo         242,417,040,424   |    2 
    F1Ung       322,592,051,616   |    2 
    TLB         322,592,200,304   |    2 
---------------------------------------------
</pre></code>

<pre><code>
---------------------
Scoring is 'karl-96-16 and positions-times-power-one-hundred'

Total FIA Score table
---------------------
P   Player       FIA   |Played
----------------------------------
    TLB           33   |    2 
    GGP1          33   |    2 
    F1Ung         27   |    2 
    Joe           25   |    1 
    Iceman        20   |    2 
    Hobbes        18   |    2 
    Leo           16   |    2 
    Karl           8   |    2 
    BWare          8   |    2 
    Winston        7   |    1 
    Pylade         4   |    1 
    Bill           3   |    2 
    Ray            0   |    1 
    NL             0   |    1 
----------------------------------
</pre></code>

<pre><code>
-------------------------------------------
Scoring is 'karl-96-16 and positions-times-power-one-hundred'

Average score
For players who have not entered all rounds
-------------------------------------------
P   Player            Ave Score   |Played
---------------------------------------------
    Winston     161,696,001,604   |    1 
    Joe         161,616,040,202   |    1 
    TLB         161,296,100,152   |    2 
    F1Ung       161,296,025,808   |    2 
    Leo         121,208,520,212   |    2 
    GGP1        105,696,501,006   |    2 
    Iceman      105,696,026,000   |    2 
    Karl        105,652,081,602   |    2 
    BWare       105,648,100,302   |    2 
    Bill        105,048,500,106   |    2 
    Hobbes      101,656,500,904   |    2 
    Pylade       49,696,040,096   |    1 
    NL           49,608,160,096   |    1 
    Ray          21,600,080,400   |    1 
---------------------------------------------
</pre></code>

<pre><code>
------------------------
Scoring is 'karl-96-16 and positions-times-power-one-hundred'

P1->P6 then Total Score 
------------------------
P   Player                Total   |Played| P1 | P2 | P3 | P4 | P5 | P6 
---------------------------------------------------------------------------
    GGP1        211,393,002,012   |    2 |  1 |    |    |    |    |  1 
    Joe         161,616,040,202   |    1 |  1 |    |    |    |    |    
    TLB         322,592,200,304   |    2 |    |  1 |  1 |    |    |    
    Hobbes      203,313,001,808   |    2 |    |  1 |    |    |    |    
    F1Ung       322,592,051,616   |    2 |    |    |  1 |  1 |    |    
    Leo         242,417,040,424   |    2 |    |    |    |  1 |    |    
    Iceman      211,392,052,000   |    2 |    |    |    |    |  2 |    
    Karl        211,304,163,204   |    2 |    |    |    |    |    |  1 
    Winston     161,696,001,604   |    1 |    |    |    |    |    |  1 
    BWare       211,296,200,604   |    2 |    |    |    |    |    |    
    Bill        210,097,000,212   |    2 |    |    |    |    |    |    
    Pylade       49,696,040,096   |    1 |    |    |    |    |    |    
    NL           49,608,160,096   |    1 |    |    |    |    |    |    
    Ray          21,600,080,400   |    1 |    |    |    |    |    |    
---------------------------------------------------------------------------
</pre></code>
