The <code><pre> ... </pre></code> Tags wrapping the tables sections below are there for if you want to copy and paste to disqus comments.
The Tags will format a lined up table

Please note you will see some colour highlighting because disqus thinks it is computer code.
See https://help.disqus.com/en/articles/1717236-syntax-highlighting for a better explanation




----------------------
Totals Tables run for bahrain-qual, bahrain-race, jeddah-qual, jeddah-race

The P column currently doesn't work out shared places
so it is currently not being display


<pre><code>
-----------------
Scoring is 'karl-8 and positions-times-power-one-hundred'

Total Score table
-----------------
P   Player                Total   |Played
---------------------------------------------
    f1ung       161,420,050,404   |    3 
    leo         141,012,150,807   |    4 
    ggp1        132,420,100,509   |    4 
    karl        132,418,082,002   |    4 
    hobbes      132,416,210,406   |    4 
    iceman      132,024,051,701   |    4 
    bware       132,012,210,204   |    4 
    bill        131,712,140,407   |    4 
    tlb         121,428,170,414   |    4 
    pylade       91,210,101,210   |    3 
    nl           91,202,080,008   |    2 
    ray          80,404,020,501   |    2 
    winston      40,408,000,401   |    1 
    joe          40,404,010,002   |    2 
---------------------------------------------
</pre></code>

<pre><code>
--------------------------------
Scoring is 'karl-8 and positions-times-power-one-hundred'

Total Score table. Reverse Order
--------------------------------
P   Player                Total   |Played
---------------------------------------------
    joe          40,404,010,002   |    2 
    winston      40,408,000,401   |    1 
    ray          80,404,020,501   |    2 
    nl           91,202,080,008   |    2 
    pylade       91,210,101,210   |    3 
    tlb         121,428,170,414   |    4 
    bill        131,712,140,407   |    4 
    bware       132,012,210,204   |    4 
    iceman      132,024,051,701   |    4 
    hobbes      132,416,210,406   |    4 
    karl        132,418,082,002   |    4 
    ggp1        132,420,100,509   |    4 
    leo         141,012,150,807   |    4 
    f1ung       161,420,050,404   |    3 
---------------------------------------------
</pre></code>

<pre><code>
---------------------
Scoring is 'karl-8 and positions-times-power-one-hundred'

Total FIA Score table
---------------------
P   Player       FIA   |Played
----------------------------------
    hobbes        49.50|    4 
    ggp1          49   |    4 
    tlb           43   |    4 
    karl          41   |    4 
    f1ung         39   |    3 
    iceman        31   |    4 
    leo           26   |    4 
    ray           25   |    2 
    joe           25   |    2 
    pylade        22   |    3 
    bware         22   |    4 
    bill          20.50|    4 
    winston        9   |    1 
    nl             2   |    2 
----------------------------------
</pre></code>

<pre><code>
-------------------------------------------
Scoring is 'karl-8 and positions-times-power-one-hundred'

Average score
For players who have not entered all rounds
-------------------------------------------
P   Player            Ave Score   |Played
---------------------------------------------
    f1ung        53,806,683,468   |    3 
    nl           45,601,040,004   |    2 
    winston      40,408,000,401   |    1 
    ray          40,202,010,250.50|    2 
    leo          35,253,037,701.75|    4 
    ggp1         33,105,025,127.25|    4 
    karl         33,104,520,500.50|    4 
    hobbes       33,104,052,601.50|    4 
    iceman       33,006,012,925.25|    4 
    bware        33,003,052,551   |    4 
    bill         32,928,035,101.75|    4 
    pylade       30,403,367,070   |    3 
    tlb          30,357,042,603.50|    4 
    joe          20,202,005,001   |    2 
---------------------------------------------
</pre></code>

<pre><code>
------------------------
Scoring is 'karl-8 and positions-times-power-one-hundred'

P1->P6 then Total Score 
------------------------
P   Player                Total   |Played| P1 | P2 | P3 | P4 | P5 | P6 
---------------------------------------------------------------------------
    ggp1        132,420,100,509   |    4 |  1 |    |    |  1 |    |  1 
    karl        132,418,082,002   |    4 |  1 |    |    |    |  1 |    
    ray          80,404,020,501   |    2 |  1 |    |    |    |    |    
    joe          40,404,010,002   |    2 |  1 |    |    |    |    |    
    hobbes      132,416,210,406   |    4 |    |  2 |  1 |    |    |    
    tlb         121,428,170,414   |    4 |    |  1 |  1 |    |  1 |    
    bill        131,712,140,407   |    4 |    |  1 |    |    |    |    
    pylade       91,210,101,210   |    3 |    |  1 |    |    |    |    
    f1ung       161,420,050,404   |    3 |    |    |  1 |  2 |    |    
    leo         141,012,150,807   |    4 |    |    |    |  1 |    |  1 
    iceman      132,024,051,701   |    4 |    |    |    |    |  2 |    
    bware       132,012,210,204   |    4 |    |    |    |    |  1 |    
    winston      40,408,000,401   |    1 |    |    |    |    |  1 |    
    nl           91,202,080,008   |    2 |    |    |    |    |    |    
---------------------------------------------------------------------------
</pre></code>
